-2.000000000000000000e+00
-1.999000000000000110e+00
-1.991999999999999993e+00
-1.973000000000000087e+00
-1.935999999999999943e+00
-1.875000000000000000e+00
-1.784000000000000030e+00
-1.657000000000000028e+00
-1.487999999999999989e+00
-1.270999999999999908e+00
-1.000000000000000000e+00
-1.719191094268323061e+00
-1.718286256850287241e+00
-1.711952394924035392e+00
-1.694760483981352150e+00
-1.661281499514021487e+00
-1.606086417013828038e+00
-1.523746211972555997e+00
-1.408831859881988890e+00
-1.255914336233911799e+00
-1.059564616520108471e+00
-8.143536762323634326e-01
-1.473715355540367256e+00
-1.472896624787289221e+00
-1.467165509515743427e+00
-1.451609625207261667e+00
-1.421316587343376403e+00
-1.371374011405619653e+00
-1.296869512875523212e+00
-1.192890707234619541e+00
-1.054525209964440435e+00
-8.768606365465184682e-01
-6.549846024623855456e-01
-1.259390975158920289e+00
-1.258650156938238673e+00
-1.253464429393466695e+00
-1.239388883200513991e+00
-1.211978609035290644e+00
-1.166788697573705624e+00
-1.099374239491669236e+00
-1.005290325465091339e+00
-8.800920461698807928e-01
-7.193344922819479015e-01
-5.185727544772025244e-01
-1.072512073657023057e+00
-1.071841753610987213e+00
-1.067149513288737861e+00
-1.054413432414060603e+00
-1.029611590710741931e+00
-9.887220679025681136e-01
-9.277229437133247547e-01
-8.425922978667986785e-01
-7.293082100867754880e-01
-5.838487600970418967e-01
-4.021920276213836742e-01
-9.097959895689501364e-01
-9.091894589092375245e-01
-9.049437442912490193e-01
-8.934196617567089493e-01
-8.709780273473415324e-01
-8.339796571048709861e-01
-7.787853670710213061e-01
-7.017559732875169320e-01
-5.992522917960818596e-01
-4.676351386384403064e-01
-3.032653298563167121e-01
-7.683362905316371005e-01
-7.677874788955431073e-01
-7.639457974428848219e-01
-7.535183763570983961e-01
-7.332123458216193157e-01
-6.997348360198837325e-01
-6.497929771353274653e-01
-5.800938993513861108e-01
-4.873447328514954879e-01
-3.682526078190916929e-01
-2.195246544376105446e-01
-6.455608949288323961e-01
-6.450643096250409103e-01
-6.415882124985011759e-01
-6.321530917264643890e-01
-6.137794354861821899e-01
-5.834877319549062191e-01
-5.382984693098880058e-01
-4.752321357283789682e-01
-3.913092193876306357e-01
-2.835502084648948151e-01
-1.489755911374228692e-01
-5.391947569406658758e-01
-5.387454279765485632e-01
-5.356001252277280411e-01
-5.270628749095008780e-01
-5.104377032371636425e-01
-4.830286364260131804e-01
-4.421397006913460048e-01
-3.850749222484588508e-01
-3.091383273126482867e-01
-2.116339420992112974e-01
-8.986579282344429875e-02
-4.472266257146590429e-01
-4.468200560549184241e-01
-4.439740684367342594e-01
-4.362492449016628360e-01
-4.212061674912606635e-01
-3.964054182470841958e-01
-3.594075792106895539e-01
-3.077732324236335804e-01
-2.390629599274722294e-01
-1.508373437637622605e-01
-4.065696597405994706e-02
-3.678794411714423340e-01
-3.675115617302709414e-01
-3.649364056420708047e-01
-3.579466962598134017e-01
-3.443351569364699882e-01
-3.218945110250120423e-01
-2.884174818784108196e-01
-2.416967928496376317e-01
-1.795251672916638452e-01
-9.969532855746084110e-02
0.000000000000000000e+00
