0.000000000000000000e+00
6.000000000000000888e-01
1.200000000000000178e+00
1.799999999999999822e+00
2.400000000000000355e+00
3.000000000000000000e+00
3.599999999999999645e+00
4.199999999999999289e+00
4.800000000000000711e+00
5.400000000000000355e+00
6.000000000000000000e+00
0.000000000000000000e+00
5.429024508215757328e-01
1.085804901643151466e+00
1.628707352464727309e+00
2.171609803286302931e+00
2.714512254107878775e+00
3.257414704929454619e+00
3.800317155751030018e+00
4.343219606572605862e+00
4.886122057394182150e+00
5.429024508215757550e+00
0.000000000000000000e+00
4.912384518467891592e-01
9.824769036935783184e-01
1.473715355540367256e+00
1.964953807387156637e+00
2.456192259233945574e+00
2.947430711080734511e+00
3.438669162927523448e+00
3.929907614774313274e+00
4.421146066621101767e+00
4.912384518467891148e+00
0.000000000000000000e+00
4.444909324090307590e-01
8.889818648180615179e-01
1.333472797227092110e+00
1.777963729636123036e+00
2.222454662045153739e+00
2.666945594454184221e+00
3.111436526863215146e+00
3.555927459272246072e+00
4.000418391681276553e+00
4.444909324090307479e+00
0.000000000000000000e+00
4.021920276213835632e-01
8.043840552427671264e-01
1.206576082864150523e+00
1.608768110485534253e+00
2.010960138106917761e+00
2.413152165728301046e+00
2.815344193349684776e+00
3.217536220971068506e+00
3.619728248592452235e+00
4.021920276213835521e+00
0.000000000000000000e+00
3.639183958275800657e-01
7.278367916551601313e-01
1.091755187482740030e+00
1.455673583310320263e+00
1.819591979137900273e+00
2.183510374965480061e+00
2.547428770793060071e+00
2.911347166620640525e+00
3.275265562448220535e+00
3.639183958275800546e+00
0.000000000000000000e+00
3.292869816564159002e-01
6.585739633128318005e-01
9.878609449692477007e-01
1.317147926625663601e+00
1.646434908282079501e+00
1.975721889938495401e+00
2.305008871594911302e+00
2.634295853251327202e+00
2.963582834907743102e+00
3.292869816564159002e+00
0.000000000000000000e+00
2.979511822748457384e-01
5.959023645496914767e-01
8.938535468245372151e-01
1.191804729099382953e+00
1.489755911374228692e+00
1.787707093649074430e+00
2.085658275923920169e+00
2.383609458198765907e+00
2.681560640473611645e+00
2.979511822748457384e+00
0.000000000000000000e+00
2.695973784703329379e-01
5.391947569406658758e-01
8.087921354109988137e-01
1.078389513881331752e+00
1.347986892351664689e+00
1.617584270821997627e+00
1.887181649292330343e+00
2.156779027762663503e+00
2.426376406232996441e+00
2.695973784703329379e+00
0.000000000000000000e+00
2.439417958443594603e-01
4.878835916887189206e-01
7.318253875330783531e-01
9.757671833774378412e-01
1.219708979221797218e+00
1.463650775066156706e+00
1.707592570910515972e+00
1.951534366754875682e+00
2.195476162599235170e+00
2.439417958443594436e+00
0.000000000000000000e+00
2.207276647028654226e-01
4.414553294057308452e-01
6.621829941085961568e-01
8.829106588114616905e-01
1.103638323514327002e+00
1.324365988217192314e+00
1.545093652920057625e+00
1.765821317622923381e+00
1.986548982325788693e+00
2.207276647028654004e+00
