0.000000000000000000e+00
3.617141815827307205e-02
5.495465323956616466e-02
5.956252089862212884e-02
5.349990162833639928e-02
4.046777213304997289e-02
2.425566388384403638e-02
8.626426395398345548e-03
-2.802042635038359819e-03
-6.673013595764443195e-03
0.000000000000000000e+00
0.000000000000000000e+00
3.361163253356380665e-02
4.931407961434075560e-02
5.065717676216685561e-02
4.151321342769342948e-02
2.599156240694178166e-02
8.339981784044159241e-03
-7.164306387740015936e-03
-1.632967874660096186e-02
-1.516653655398525480e-02
-1.110223024625156540e-16
0.000000000000000000e+00
3.173216756185204268e-02
4.507618800951163074e-02
4.385546096749526335e-02
3.223986769834907840e-02
1.467158621606912128e-02
-4.223608664862155138e-03
-1.973730166841947131e-02
-2.718828991359800717e-02
-2.203705853723059160e-02
0.000000000000000000e+00
-2.220446049250313081e-16
3.042750195455234952e-02
4.203268902598900070e-02
3.885746470758055793e-02
2.530792071317389258e-02
6.091564734233001488e-03
-1.386058559830916082e-02
-2.948565028667649024e-02
-3.569173193468455629e-02
-2.746834875680370658e-02
0.000000000000000000e+00
2.220446049250313081e-16
2.960389554654807576e-02
3.999733796912408046e-02
3.539333507011610536e-02
2.038069047633417341e-02
-1.274614978213906014e-04
-2.096033386200601978e-02
-3.677082517459251410e-02
-4.212983212625021068e-02
-3.163070627275121893e-02
1.110223024625156540e-16
0.000000000000000000e+00
2.917861092042517424e-02
3.880463855376481419e-02
3.322170761833098673e-02
1.715511968882155180e-02
-4.328700269346730245e-03
-2.587756417398079378e-02
-4.192390758647146498e-02
-4.676936856482161176e-02
-3.468157192345266981e-02
0.000000000000000000e+00
0.000000000000000000e+00
2.907911106770499909e-02
3.830849272874015110e-02
3.212806675394352940e-02
1.536007368069913781e-02
-6.821202304045370646e-03
-2.893369683168534046e-02
-4.524671114324008148e-02
-4.985490684823745688e-02
-3.676602030454328984e-02
0.000000000000000000e+00
0.000000000000000000e+00
2.924224159903709985e-02
3.838080412604849556e-02
3.192302981149741647e-02
1.475454913390650269e-02
-7.881530638867095817e-03
-3.041827796471863188e-02
-4.701288075875342809e-02
-5.160956369730940185e-02
-3.801717451784775159e-02
0.000000000000000000e+00
0.000000000000000000e+00
2.961340851994942458e-02
3.891005003274100593e-02
3.244056425474606264e-02
1.512578825821009332e-02
-7.755530771724195027e-03
-3.059047499908196244e-02
-4.746902636941274789e-02
-5.223575616372128083e-02
-3.855658249742152655e-02
-1.387778780781445676e-17
5.551115123125782702e-17
3.014576366865151513e-02
3.979984143661846607e-02
3.353615730433218145e-02
1.628730866196304028e-02
-6.660207801833961661e-03
-2.968067700212423388e-02
-4.683593287091897261e-02
-5.191598237965838747e-02
-3.849458797363300433e-02
1.387778780781445676e-17
5.551115123125782702e-17
3.079940978535028462e-02
4.096749279420880407e-02
3.508496368768049267e-02
1.807687082132480860e-02
-4.785700322005925766e-03
-2.789220647175311152e-02
-4.530986930931230061e-02
-5.081366580185087134e-02
-3.793072205625021287e-02
0.000000000000000000e+00
