0.000000000000000000e+00
6.000000000000000888e-01
1.200000000000000178e+00
1.799999999999999822e+00
2.400000000000000355e+00
3.000000000000000000e+00
3.599999999999999645e+00
4.199999999999999289e+00
4.800000000000000711e+00
5.400000000000000355e+00
6.000000000000000000e+00
-4.214646174664217482e-02
5.061054946182902414e-01
1.054162261575756210e+00
1.602062540113009748e+00
2.149849006244000993e+00
2.697567743383077143e+00
3.245267503793557662e+00
3.792998823309186918e+00
4.340813025745503317e+00
4.888761163194446091e+00
5.436892944487729196e+00
-6.363396530376586036e-02
4.364616627310303754e-01
9.361709492996856952e-01
1.435554286728162321e+00
1.934679688205057646e+00
2.433622099142434436e+00
2.932462385745567168e+00
3.431286021618480842e+00
3.930181516724528645e+00
4.429238654574376710e+00
4.928546620541489176e+00
-6.929345324064900558e-02
3.860867949940049448e-01
8.409183115565365130e-01
1.295268988694050272e+00
1.749217071387039857e+00
2.202850671916312564e+00
2.656266861917579547e+00
3.109570340805967170e+00
3.562871709704913403e+00
4.016285410879854467e+00
4.469927420735556822e+00
-6.364872732703923119e-02
3.502702951851988655e-01
7.635259654577141175e-01
1.176182869074736903e+00
1.588317418532943837e+00
2.000017749794991140e+00
2.411383163747185421e+00
2.822523082185947274e+00
3.233555518972397902e+00
3.644605101877393949e+00
4.055800715939927414e+00
-5.087873403701553832e-02
3.246195979316391922e-01
6.994007145293331673e-01
1.073518684574276794e+00
1.447039514848831976e+00
1.820041464095578654e+00
2.192614934208979349e+00
2.564861882288741235e+00
2.936894723558243214e+00
3.308834728012025383e+00
3.680809950302812439e+00
-3.479216543551520713e-02
3.050946230734427056e-01
6.442781855414694281e-01
9.827983565797568932e-01
1.320705759239983568e+00
1.658062450902863416e+00
1.994942227838523596e+00
2.331430517204825748e+00
2.667623803508778479e+00
3.003628562524482515e+00
3.339559707729660598e+00
-1.881362928142537097e-02
2.880300571806103660e-01
5.942540394440150031e-01
8.998833377524597665e-01
1.204951612345516843e+00
1.509501970029086593e+00
1.813587536458991956e+00
2.117271722831754133e+00
2.420628125150175336e+00
2.723740010873635153e+00
3.026699371079269341e+00
-5.980217702299336219e-03
2.701462936686827021e-01
5.458031524468189843e-01
8.210025911350633532e-01
1.095762697925718232e+00
1.370108167729424897e+00
1.644070925760356960e+00
1.917690566862323642e+00
2.191014556268857660e+00
2.464098145218024172e+00
2.737003968028376644e+00
1.052977446252164424e-03
2.485502655869111233e-01
4.957876840212708247e-01
7.427686833528002186e-01
9.894995565512360036e-01
1.235989912289253034e+00
1.482253104517030184e+00
1.728306587028775265e+00
1.974172160894096084e+00
2.219876084303934238e+00
2.465449019014704035e+00
0.000000000000000000e+00
2.207276647028654226e-01
4.414553294057308452e-01
6.621829941085961568e-01
8.829106588114616905e-01
1.103638323514327002e+00
1.324365988217192314e+00
1.545093652920057625e+00
1.765821317622923381e+00
1.986548982325788693e+00
2.207276647028654004e+00
