-2.000000000000000000e+00
-2.562828581841727349e+00
-3.137045346760434228e+00
-3.713437479101378003e+00
-4.282500098371663455e+00
-4.834532227866949583e+00
-5.359744336116155417e+00
-5.848373573604600750e+00
-6.290802042635038838e+00
-6.677673013595764928e+00
-7.000000000000000000e+00
-1.719191094268323061e+00
-2.227577075138299278e+00
-2.748443216952845880e+00
-3.272810659683912604e+00
-3.791378089372630988e+00
-4.294607108714765253e+00
-4.772820935117966457e+00
-5.216313322020758925e+00
-5.615463621553118401e+00
-5.960853210468275876e+00
-6.243378184448120649e+00
-1.473715355540367256e+00
-1.932402909072226338e+00
-2.404566225199809892e+00
-2.881469519780133659e+00
-3.354030527032183961e+00
-3.812894684423496106e+00
-4.248523832621120100e+00
-4.651297171830562682e+00
-5.011621114652351494e+00
-5.320043761704850382e+00
-5.567369120930276694e+00
-1.259390975158920511e+00
-1.672713587392717027e+00
-2.100413605185539101e+00
-2.534004215720025321e+00
-2.964634417958239787e+00
-3.383151794884626362e+00
-3.780180419544162618e+00
-4.146212502614982753e+00
-4.471711237376811532e+00
-4.747221232720027828e+00
-4.963482078567509781e+00
-1.072512073657022835e+00
-1.444429885685822645e+00
-1.831536230562381018e+00
-2.225596180208095021e+00
-2.617999010719942010e+00
-2.999809667507307154e+00
-3.361835443303631710e+00
-3.694707316391076191e+00
-3.988974263184094315e+00
-4.235207714962244907e+00
-4.424112303835219251e+00
-9.097959895689501364e-01
-1.243929243816392471e+00
-1.593975897392644336e+00
-1.951953141621117993e+00
-2.309496490968840021e+00
-2.657900336512117878e+00
-2.988173306210482050e+00
-3.291108651667048690e+00
-3.557368826981543997e+00
-3.777582273010113401e+00
-3.942449288132117147e+00
-7.683362905316371005e-01
-1.067995349484254008e+00
-1.384211268026976471e+00
-1.709251254572402567e+00
-2.035000198766583779e+00
-2.352990946606008826e+00
-2.654448563905508429e+00
-2.930349482089537716e+00
-3.171495492951060147e+00
-3.368601463031378085e+00
-3.512394471001769602e+00
-6.455608949288323961e-01
-9.137732503008495488e-01
-1.199109772922144046e+00
-1.494083608739504188e+00
-1.790829615451658530e+00
-2.081125173968001896e+00
-2.356423840923681290e+00
-2.607903292411052565e+00
-2.826528241283706055e+00
-3.003128023456354434e+00
-3.128487413885880031e+00
-5.391947569406658758e-01
-7.787293979269320765e-01
-1.035884832135652855e+00
-1.303414446065753740e+00
-1.573701428860285301e+00
-1.838771059549402009e+00
-2.090314446512425484e+00
-2.319725597910201831e+00
-2.518153111239032960e+00
-2.676566930829629154e+00
-2.785839577526773692e+00
-4.472266257146589874e-01
-6.606160882306263415e-01
-8.920578186888347139e-01
-1.134538475130409063e+00
-1.380686042206735520e+00
-1.622774605270715487e+00
-1.852739031278970439e+00
-2.062201736205068414e+00
-2.242513309062006410e+00
-2.384808094336630546e+00
-2.480074924417654536e+00
-3.678794411714422785e-01
-5.574398166477860794e-01
-7.654242422535928458e-01
-9.850447266807290658e-01
-1.209168944926606759e+00
-1.430318534861344970e+00
-1.640675676567356245e+00
-1.832100315079007613e+00
-1.996160150716438153e+00
-2.124175032939499719e+00
-2.207276647028654004e+00
