0.000000000000000000e+00
1.000000000000000238e-03
8.000000000000001901e-03
2.699999999999999623e-02
6.400000000000001521e-02
1.250000000000000000e-01
2.159999999999999698e-01
3.429999999999999161e-01
5.120000000000001217e-01
7.290000000000000924e-01
1.000000000000000000e+00
9.048374180359594621e-02
9.074400437293447808e-02
9.718660184948153813e-02
1.150282131966777061e-01
1.494710069510768180e-01
2.057064828986910898e-01
2.889199134875676256e-01
4.042952452871431679e-01
5.570202768079692834e-01
7.522918976686441273e-01
9.953211598395556026e-01
1.637461506155963864e-01
1.630809871476293915e-01
1.687353400167262152e-01
1.852518018208536010e-01
2.171452466269364057e-01
2.689087647617829369e-01
3.450207588081631860e-01
4.499530201119232298e-01
5.881795170105112991e-01
7.641855528828018773e-01
9.824769036935780964e-01
2.222454662045153517e-01
2.206071865686538014e-01
2.253407175105984483e-01
2.404171266786350458e-01
2.697692419578888723e-01
3.172982425558352193e-01
3.868818391363051945e-01
4.823838968146115236e-01
6.076652338792341013e-01
7.665952172577711332e-01
9.630636868862332278e-01
2.681280184142557088e-01
2.656029318287481122e-01
2.693833798437829663e-01
2.829640817487394933e-01
3.097946613340664124e-01
3.532858227077012581e-01
4.168173516564685488e-01
5.037478762330389603e-01
6.174261842659586330e-01
7.612037581675857867e-01
9.384480644498948143e-01
3.032653298563167121e-01
3.000668540384843208e-01
3.029611914602675093e-01
3.150541293606070603e-01
3.394037453713957264e-01
3.790254767006860925e-01
4.368990401669337054e-01
5.159772305440428752e-01
6.191964929179933907e-01
7.494890207193175558e-01
9.097959895689501364e-01
3.292869816564159002e-01
3.257464953689073184e-01
3.279171982204285851e-01
3.385955212087087274e-01
3.605320170794909518e-01
3.964349933405712512e-01
4.489758238779464339e-01
5.207960464507683795e-01
6.145162420624099564e-01
7.327465606860444902e-01
8.780986177504424006e-01
3.476097126539866577e-01
3.441657666249594016e-01
3.458649518100264664e-01
3.552662421865204201e-01
3.748888914657280136e-01
4.072146182960555971e-01
4.546911397771137286e-01
5.197372055515199207e-01
6.047492041218213155e-01
7.121093094119823608e-01
8.441950164453961847e-01
3.594631712937772505e-01
3.566496286789335723e-01
3.582115708395092746e-01
3.665350900130411316e-01
3.839766626485963119e-01
4.128641323862099477e-01
4.554986092138507137e-01
5.141574351020092859e-01
5.910983191680125870e-01
6.885646782759408113e-01
8.087921354109988137e-01
3.659126937665392321e-01
3.643463100012785394e-01
3.661788272757447449e-01
3.736811941841138296e-01
3.891082190180242262e-01
4.146987846006819911e-01
4.526765089274612519e-01
5.052509496994982419e-01
5.746194324047032564e-01
6.629695515273107409e-01
7.724823535071382308e-01
3.678794411714422785e-01
3.682473206126136711e-01
3.708224767008138079e-01
3.778121860830711554e-01
3.914237254064145688e-01
4.138643713178725148e-01
4.473414004644737929e-01
4.940620894932469809e-01
5.562337150512206563e-01
6.360635537854236743e-01
7.357588823428846680e-01
