-2.000000000000000000e+00
-1.962828581841727038e+00
-1.937045346760433828e+00
-1.913437479101377958e+00
-1.882500098371663544e+00
-1.834532227866950027e+00
-1.759744336116155994e+00
-1.648373573604601683e+00
-1.490802042635038349e+00
-1.277673013595764351e+00
-1.000000000000000000e+00
-1.719191094268323061e+00
-1.684674624316723435e+00
-1.662638315309694637e+00
-1.644103307219185295e+00
-1.619768286086328057e+00
-1.580094854606886257e+00
-1.515406230188511838e+00
-1.415996166269728906e+00
-1.272244014980512761e+00
-1.074731153074093726e+00
-8.143536762323635436e-01
-1.473715355540367256e+00
-1.441164457225437179e+00
-1.422089321506231796e+00
-1.407754164239766403e+00
-1.389076719645027325e+00
-1.356702425189550532e+00
-1.301093121540385367e+00
-1.212628008903039012e+00
-1.081713499878038443e+00
-8.988976950837490598e-01
-6.549846024623855456e-01
-1.259390975158920511e+00
-1.228222654983686324e+00
-1.211431740367477694e+00
-1.200531418492933433e+00
-1.186670688322116751e+00
-1.160697132839472623e+00
-1.113234825089978397e+00
-1.034775975751767829e+00
-9.157837781045653491e-01
-7.468028410387516081e-01
-5.185727544772025244e-01
-1.072512073657022835e+00
-1.042237858064439138e+00
-1.027152175319613781e+00
-1.019020097343944498e+00
-1.009230900234407757e+00
-9.888495294003895042e-01
-9.486832775753307745e-01
-8.793631230413911926e-01
-7.714380422130256987e-01
-6.154794663697931156e-01
-4.021920276213835632e-01
-9.097959895689501364e-01
-8.800108479888123503e-01
-8.661391057374842051e-01
-8.601979541383779626e-01
-8.538229076585199806e-01
-8.383083573742177164e-01
-8.046629312450020999e-01
-7.436798808739883970e-01
-6.460216603609034713e-01
-5.023167105618929762e-01
-3.032653298563167121e-01
-7.683362905316371005e-01
-7.387083678278381083e-01
-7.256373047141446708e-01
-7.213903096031548667e-01
-7.178522721409201779e-01
-7.065560383239291031e-01
-6.787266739670128057e-01
-6.253406104946261923e-01
-5.371996396997329448e-01
-4.050186281236349828e-01
-2.195246544376105446e-01
-6.455608949288323961e-01
-6.158220680260038105e-01
-6.032074083724526803e-01
-6.002300619149669725e-01
-5.990248863522756873e-01
-5.913692625937733149e-01
-5.687167472746066377e-01
-5.222450164871323963e-01
-4.429187830849400376e-01
-3.215673829827425667e-01
-1.489755911374228692e-01
-5.391947569406658758e-01
-5.091320194565991386e-01
-4.966900751949870352e-01
-4.946223106547548154e-01
-4.953119149789535491e-01
-4.907841671977373754e-01
-4.727301756904279673e-01
-4.325439486178715986e-01
-3.613740834763695675e-01
-2.501905245966328240e-01
-8.986579282344431263e-02
-4.472266257146589874e-01
-4.166742923862669090e-01
-4.041742270001157933e-01
-4.027130875973306545e-01
-4.049188588292976232e-01
-4.030656260489181575e-01
-3.890882562128137878e-01
-3.546091652945525530e-01
-2.909789423071306169e-01
-1.893319317373952648e-01
-4.065696597405993318e-02
-3.678794411714422785e-01
-3.367121519449206568e-01
-3.239689128478620006e-01
-3.228617325721329090e-01
-3.262582861151451796e-01
-3.266802113470179680e-01
-3.163096883501639311e-01
-2.870066621589499323e-01
-2.303388330935147166e-01
-1.376260506137110540e-01
0.000000000000000000e+00
