1.000000000000000000e+00
9.989999999999999991e-01
9.919999999999999929e-01
9.729999999999999760e-01
9.359999999999999432e-01
8.750000000000000000e-01
7.840000000000000302e-01
6.570000000000000284e-01
4.879999999999998783e-01
2.709999999999999076e-01
-0.000000000000000000e+00
8.143536762323635436e-01
8.134488388143276127e-01
8.071149768880758746e-01
7.899230659453926329e-01
7.564440814780620803e-01
7.012489989778686317e-01
6.189087939365963686e-01
5.039944418460294839e-01
3.510769181979522258e-01
1.547271984841490089e-01
-9.048374180359602947e-02
6.549846024623855456e-01
6.541658717093074005e-01
6.484347564377616058e-01
6.328788721292799568e-01
6.025858342653945821e-01
5.526432583276377208e-01
4.781387597975414461e-01
3.741599541566377751e-01
2.357944568864586143e-01
5.812988346853666805e-02
-1.637461506155963309e-01
5.185727544772025244e-01
5.178319362565207973e-01
5.126462087117487076e-01
4.985706625187961705e-01
4.711603883535726012e-01
4.259704768919877482e-01
3.585560188099514156e-01
2.644721047833733518e-01
1.392738254881629167e-01
-2.148372839976991910e-02
-2.222454662045154072e-01
4.021920276213835632e-01
4.015217075753479414e-01
3.968294672530984779e-01
3.840933863784213309e-01
3.592915446751027142e-01
3.184020218669286750e-01
2.574028976776854827e-01
1.722722518311593787e-01
5.898816405113616740e-02
-8.647128593859747248e-02
-2.681280184142556533e-01
3.032653298563167121e-01
3.026587991966041002e-01
2.984130845786156505e-01
2.868890020440755806e-01
2.644473676347081637e-01
2.274489973922375341e-01
1.722547073583879096e-01
9.522531357488346615e-02
-7.278367916551607177e-03
-1.388955210741931179e-01
-3.032653298563167121e-01
2.195246544376106002e-01
2.189758428015165792e-01
2.151341613488584048e-01
2.047067402630718957e-01
1.844007097275928986e-01
1.509231999258572876e-01
1.009813410413009094e-01
3.128226325735959656e-02
-6.146690324253101939e-02
-1.805590282749348074e-01
-3.292869816564159557e-01
1.489755911374228692e-01
1.484790058336314666e-01
1.450029087070915934e-01
1.355677879350548065e-01
1.171941316947726353e-01
8.690242816349669219e-02
4.171316551847843723e-02
-2.135316806303057258e-02
-1.052760844037789190e-01
-2.130350953265147118e-01
-3.476097126539866577e-01
8.986579282344429875e-02
8.941646385932706942e-02
8.627116111050651959e-02
7.773391079227930101e-02
6.110873911994208624e-02
3.369967230879159642e-02
-7.189263425875551394e-03
-6.425404186876268464e-02
-1.401906368045732487e-01
-2.376950220180102658e-01
-3.594631712937772505e-01
4.065696597405989848e-02
4.025039631431930054e-02
3.740440869613510799e-02
2.967958516106371583e-02
1.463650775066153639e-02
-1.016424149351494166e-02
-4.716208052990954191e-02
-9.879642731696552937e-02
-1.675066998131268803e-01
-2.557323159768368215e-01
-3.659126937665391766e-01
-0.000000000000000000e+00
-3.678794411714018118e-04
-2.943035529371541489e-03
-9.932744911628911544e-03
-2.354428423497233192e-02
-4.598493014643029175e-02
-7.946195929303152827e-02
-1.261826483218047024e-01
-1.883542738797784888e-01
-2.681841126139815068e-01
-3.678794411714423340e-01
