0.000000000000000000e+00
3.000000000000000583e-02
1.200000000000000233e-01
2.700000000000000178e-01
4.800000000000000933e-01
7.500000000000000000e-01
1.080000000000000071e+00
1.469999999999999751e+00
1.920000000000000373e+00
2.430000000000000160e+00
3.000000000000000000e+00
0.000000000000000000e+00
2.714512254107879358e-02
1.085804901643151743e-01
2.443061028697090797e-01
4.343219606572606972e-01
6.786280635269696937e-01
9.772244114788363190e-01
1.330111004512860351e+00
1.737287842629042789e+00
2.198754925827381967e+00
2.714512254107878775e+00
0.000000000000000000e+00
2.456192259233946212e-02
9.824769036935784849e-02
2.210573033310550828e-01
3.929907614774313940e-01
6.140480648084863935e-01
8.842292133242203311e-01
1.203534207024633096e+00
1.571963045909725576e+00
1.989515729979496106e+00
2.456192259233945574e+00
0.000000000000000000e+00
2.222454662045154211e-02
8.889818648180616845e-02
2.000209195840638166e-01
3.555927459272246738e-01
5.556136655112884348e-01
8.000836783362552662e-01
1.089002784402125279e+00
1.422370983708898695e+00
1.800188276256574627e+00
2.222454662045153739e+00
0.000000000000000000e+00
2.010960138106918094e-02
8.043840552427672375e-02
1.809864124296226007e-01
3.217536220971068950e-01
5.027400345267294401e-01
7.239456497184904027e-01
9.853704676723895606e-01
1.287014488388427580e+00
1.628877711866603573e+00
2.010960138106917761e+00
0.000000000000000000e+00
1.819591979137900536e-02
7.278367916551602146e-02
1.637632781224110101e-01
2.911347166620640858e-01
4.548979947844750682e-01
6.550531124896440405e-01
8.916000697775710027e-01
1.164538866648256343e+00
1.473869503101699285e+00
1.819591979137900273e+00
0.000000000000000000e+00
1.646434908282079848e-02
6.585739633128319392e-02
1.481791417453871551e-01
2.634295853251327757e-01
4.116087270705198753e-01
5.927165669815486204e-01
8.067531050582188445e-01
1.053718341300531103e+00
1.333612275708484507e+00
1.646434908282079501e+00
0.000000000000000000e+00
1.489755911374228935e-02
5.959023645496915739e-02
1.340780320236805712e-01
2.383609458198766295e-01
3.724389778435571730e-01
5.363121280947222846e-01
7.299803965733719924e-01
9.534437832795065182e-01
1.206702288213125307e+00
1.489755911374228692e+00
0.000000000000000000e+00
1.347986892351664932e-02
5.391947569406659729e-02
1.213188203116498110e-01
2.156779027762663892e-01
3.369967230879161724e-01
4.852752812465992438e-01
6.605135772523156312e-01
8.627116111050655567e-01
1.091869382804848465e+00
1.347986892351664689e+00
0.000000000000000000e+00
1.219708979221797475e-02
4.878835916887189900e-02
1.097738081299617502e-01
1.951534366754875960e-01
3.049272448054493045e-01
4.390952325198470008e-01
5.976573998186806014e-01
7.806137467019503839e-01
9.879642731696558489e-01
1.219708979221797218e+00
0.000000000000000000e+00
1.103638323514327148e-02
4.414553294057308591e-02
9.932744911628942075e-02
1.765821317622923436e-01
2.759095808785817505e-01
3.973097964651576830e-01
5.407827785220201688e-01
7.063285270491693746e-01
8.939470420466049116e-01
1.103638323514327002e+00
