1.000000000000000000e+00
9.639942262448906174e-01
8.698898206752999629e-01
7.092876521108852916e-01
4.736425569522272339e-01
1.543113234941841938e-01
-2.573935373517559633e-01
-7.701461736959038795e-01
-1.392548257739856687e+00
-2.133070877642434748e+00
-3.000000000000000000e+00
8.143536762323635436e-01
7.816916559525146635e-01
6.959387316153650138e-01
5.497106358567228623e-01
3.354941197400699293e-01
4.568110099074040864e-02
-3.273918567811767710e-01
-7.913999755532423741e-01
-1.353984237826439507e+00
-2.022704816252445248e+00
-2.804995995911474971e+00
6.549846024623854346e-01
6.259261929841353211e-01
5.479939437469524277e-01
4.147743961549701375e-01
2.197501471209126755e-01
-4.367789546793054978e-02
-3.821639027644155862e-01
-8.023868380598621064e-01
-1.311017500927083912e+00
-1.914684184533541611e+00
-2.619938409849542182e+00
5.185727544772025244e-01
4.934290214911937755e-01
4.229189530231161065e-01
3.015524631565251190e-01
1.237666283308626047e-01
-1.160617582099535139e-01
-4.236006052098995056e-01
-8.045441938863202580e-01
-1.264592608936242035e+00
-1.809429651934559624e+00
-2.444700128249669202e+00
4.021920276213835077e-01
3.813061358618754504e-01
3.179271712720339593e-01
2.074389176910266808e-01
4.518757937558037785e-02
-1.735130724863378493e-01
-4.533750319743551360e-01
-7.991279246132266811e-01
-1.215509576114479406e+00
-1.707255566703127503e+00
-2.279088156521173580e+00
3.032653298563167121e-01
2.869962794177015053e-01
2.305426660433570474e-01
1.301117663803119384e-01
-1.808914292440544358e-02
-2.178527852237659990e-01
-4.729718838707410167e-01
-7.872391622183027016e-01
-1.164447343619422037e+00
-1.608389151427069397e+00
-2.122857308994217096e+00
2.195246544376106002e-01
2.082337529788539365e-01
1.585657440424738107e-01
6.750118343423922029e-02
-6.794114116342669929e-02
-2.507072377031438482e-01
-4.837123361193669813e-01
-7.698468029075123953e-01
-1.111983540599849052e+00
-1.512986759203476694e+00
-1.975721889938495401e+00
1.489755911374228692e-01
1.430154962733042878e-01
1.000427263788743470e-01
1.776192891180433664e-02
-1.060465910206236095e-01
-2.735310329532590901e-01
-4.867748315661031833e-01
-7.478062454305979267e-01
-1.058610940470433803e+00
-1.421147507221523387e+00
-1.837365624028215461e+00
8.986579282344431263e-02
8.957191513393604476e-02
5.323933827768675270e-02
-2.075067704795226231e-02
-1.339058109388681084e-01
-2.876263704570781732e-01
-4.832124114693505668e-01
-7.218748597769096831e-01
-1.004751017981618366e+00
-1.332924592735660108e+00
-1.707450063645441940e+00
4.065696597405987767e-02
4.634099247354209888e-02
1.661720885872044334e-02
-4.950177143982589789e-02
-1.528598656356231489e-01
-2.941594312228032471e-01
-4.739671383369860047e-01
-6.927246767205700317e-01
-9.507650053317255878e-01
-1.248334585318161993e+00
-1.585621672988336339e+00
0.000000000000000000e+00
1.194528052642829068e-02
-1.118695383513251124e-02
-6.979543078358746433e-02
-1.641067111706135950e-01
-2.941743372842422488e-01
-4.598821225186504602e-01
-6.609527627439930608e-01
-8.969628314733116836e-01
-1.167364976789503128e+00
-1.471517764685769336e+00
