1.000000000000000000e+00
9.939942262448906440e-01
9.898898206752999585e-01
9.792876521108853094e-01
9.536425569522273271e-01
9.043113234941841938e-01
8.226064626482441078e-01
6.998538263040958718e-01
5.274517422601436856e-01
2.969291223575654670e-01
0.000000000000000000e+00
8.143536762323635436e-01
8.088367784935934779e-01
8.045192217796801604e-01
7.940167387264319698e-01
7.698160803973306265e-01
7.243091645177101023e-01
6.498325546976595479e-01
5.387110289596179769e-01
3.833036048026031706e-01
1.760501095749368305e-01
-9.048374180359608498e-02
6.549846024623854346e-01
6.504881155764747902e-01
6.462416341163103040e-01
6.358316994860252480e-01
6.127409085983440695e-01
5.703701693405558437e-01
5.020653105598047450e-01
4.011473689647709895e-01
2.609455449826415530e-01
7.483154544595453650e-02
-1.637461506155963864e-01
5.185727544772025244e-01
5.156535681116453107e-01
5.118171395049222472e-01
5.015733827405889356e-01
4.793593742580872785e-01
4.395519073013349209e-01
3.764830731263557606e-01
2.844585905158050765e-01
1.577783747726566599e-01
-9.241375677984997594e-03
-2.222454662045154627e-01
4.021920276213835077e-01
4.014157372429446591e-01
3.983655767963106831e-01
3.884253301206492814e-01
3.669412014726872728e-01
3.292269620403915908e-01
2.705706177441352667e-01
1.862425430591629072e-01
7.150491227394820126e-02
-7.837785483652388863e-02
-2.681280184142557088e-01
3.032653298563167121e-01
3.051921992090805280e-01
3.033263452088730827e-01
2.938750445027229485e-01
2.730455737376586423e-01
2.370452095607090692e-01
1.820812286189030238e-01
1.043609075592683288e-01
9.152302883430607494e-05
-1.345196483253701392e-01
-3.032653298563167121e-01
2.195246544376106002e-01
2.246981020616747315e-01
2.244231403737570185e-01
2.156803251796263754e-01
1.954884441617060764e-01
1.609014893673760549e-01
1.090042308621816253e-01
3.690630215070640763e-02
-5.826519929931800457e-02
-1.793744834949921874e-01
-3.292869816564159002e-01
1.489755911374228692e-01
1.579130553870465858e-01
1.596329628338435114e-01
1.518399609354849078e-01
1.323143547992530200e-01
9.890794489029805514e-02
4.953729652861910138e-02
-1.782584885722596213e-02
-1.051671571909273406e-01
-2.144452190083981913e-01
-3.476097126539867688e-01
8.986579282344431263e-02
1.030517840574526889e-01
1.071588139717533500e-01
1.005681432636975486e-01
8.177209183739826692e-02
4.937035263083802694e-02
2.062869777248697856e-03
-6.136128252459400328e-02
-1.420394068765528650e-01
-2.410552099308116702e-01
-3.594631712937772505e-01
4.065696597405987767e-02
5.853808226576007190e-02
6.540556802759234234e-02
6.027203669013585230e-02
4.229357103986446098e-02
1.076781358264607483e-02
-3.487190581713902476e-02
-9.506727690188943036e-02
-1.701512586297752039e-01
-2.603703121485061445e-01
-3.659126937665390100e-01
0.000000000000000000e+00
2.298166376157156215e-02
3.295857910544057467e-02
2.953201833270195989e-02
1.247542059167874341e-02
-1.826475640566047054e-02
-6.257232605349280496e-02
-1.201699842219729059e-01
-1.906343044241423090e-01
-2.734179347428981055e-01
-3.678794411714423340e-01
