0.000000000000000000e+00
-5.005773755109355072e-03
-2.110179324700034442e-03
6.287652110885333379e-03
1.764255695222738396e-02
2.931132349418419381e-02
3.860646264824407758e-02
4.285382630409584337e-02
3.945174226014380725e-02
2.592912235756555939e-02
0.000000000000000000e+00
0.000000000000000000e+00
-4.612060320734134855e-03
-2.595755108395714217e-03
4.093672781039336961e-03
1.337199891926854622e-02
2.306016553984147066e-02
3.092376076106317928e-02
3.471658711358849292e-02
3.222668660465094481e-02
2.132291109078782165e-02
-5.551115123125782702e-17
-1.110223024625156540e-16
-3.677756132832610270e-03
-2.193122321451301815e-03
2.952827356745291176e-03
1.015507433294948747e-02
1.772691101291812288e-02
2.392655076226329891e-02
2.698741480813321436e-02
2.515108809618293861e-02
1.670166197741786845e-02
-5.551115123125782702e-17
0.000000000000000000e+00
-2.178368144875486578e-03
-8.290692068264604586e-04
3.002720221792765098e-03
8.198985904514677348e-03
1.358143040934717272e-02
1.792705431640434499e-02
1.998648573243172466e-02
1.850454928449374314e-02
1.224235272178492151e-02
-5.551115123125782702e-17
-5.551115123125782702e-17
-1.059703324032823524e-04
1.536109543212205164e-03
4.331943742227950533e-03
7.649656797584558632e-03
1.082494017346291582e-02
1.316772006644978399e-02
1.397029122800352852e-02
1.251674822281203386e-02
8.093431102073583849e-03
-5.551115123125782702e-17
0.000000000000000000e+00
2.533400012476427765e-03
4.913260630257432204e-03
6.986042458647367948e-03
8.598206102950478602e-03
9.596212168471535131e-03
9.826521260515114209e-03
9.135593984384862698e-03
7.369890945385913252e-03
4.375872748822978719e-03
0.000000000000000000e+00
0.000000000000000000e+00
5.722259260158152339e-03
9.288979024898613712e-03
1.097358491655447965e-02
1.108773443411317783e-02
9.978289441518767289e-03
8.022889820880715894e-03
5.624038893346811063e-03
3.201703943213014825e-03
1.184544779942620085e-03
5.551115123125782702e-17
0.000000000000000000e+00
9.434049553415119194e-03
1.463005412675191796e-02
1.627217300043010129e-02
1.512022310448038476e-02
1.200551672680136295e-02
7.824131010140664144e-03
3.527319205804610447e-03
1.089272128515783589e-04
-1.410123681883479474e-03
-1.110223024625156540e-16
1.387778780781445676e-17
1.363532019812561946e-02
2.088765286124683040e-02
2.283423247141824763e-02
2.066335271745618068e-02
1.567068032204643052e-02
9.252133203124249250e-03
2.892759344168681357e-03
-1.848770071979616292e-03
-3.360187912801404497e-03
0.000000000000000000e+00
-2.081668171172168513e-17
1.828768595144077136e-02
2.800115933145723435e-02
3.059245152907213647e-02
2.765706328920292459e-02
2.093205507616101649e-02
1.229017471277051715e-02
3.729150415076099012e-03
-2.644558816648323596e-03
-4.637996171669322987e-03
1.665334536937734811e-16
0.000000000000000000e+00
2.334954320274296516e-02
3.590161463481211790e-02
3.946476324433087490e-02
3.601970482665107359e-02
2.772017374076982121e-02
1.688963323953872331e-02
6.012664099831796505e-03
-2.280030544363820244e-03
-5.233822128916598704e-03
0.000000000000000000e+00
