0.000000000000000000e+00
3.000000000000000583e-02
1.200000000000000233e-01
2.700000000000000178e-01
4.800000000000000933e-01
7.500000000000000000e-01
1.080000000000000071e+00
1.469999999999999751e+00
1.920000000000000373e+00
2.430000000000000160e+00
3.000000000000000000e+00
-1.087729520786356180e-02
1.854002098312824628e-02
1.014590086223177562e-01
2.378133706900142919e-01
4.275518930587592359e-01
6.706404320066735592e-01
9.670635440625149348e-01
1.316825643374453625e+00
1.719951594818696305e+00
2.176486684108222214e+00
2.686495946162679616e+00
-2.302815250442383221e-02
6.435689574539057468e-03
8.362000640624608905e-02
2.083968170856626001e-01
3.806615355518753185e-01
6.003367810194096821e-01
8.673757429469377556e-01
1.181764878754991033e+00
1.543525746213510574e+00
1.952715816496701340e+00
2.409428175114438186e+00
-3.489888504939030189e-02
-5.182094932429975181e-03
6.715353439201188213e-02
1.819298049728776123e-01
3.389946404846126971e-01
5.382272625938596677e-01
7.795430338150746152e-01
1.062897670872881006e+00
1.388290540770447112e+00
1.755766787417114339e+00
2.165418098698063787e+00
-4.500736676941823056e-02
-1.520886886050162694e-02
5.274333263466484539e-02
1.586373149273181682e-01
3.022858067711432506e-01
4.835321019184948277e-01
7.022558649991560431e-01
9.583785051794548870e-01
1.251867777963698636e+00
1.582741289964535225e+00
1.951068627537026146e+00
-5.196969385457997359e-02
-2.259317548759868025e-02
4.106179064925853661e-02
1.387692261810612449e-01
2.703235864637483776e-01
4.355457295662031325e-01
6.342890313695295212e-01
8.664453395536646507e-01
1.131950422075531426e+00
1.430788554889867115e+00
1.762995914278318699e+00
-5.451994589108124373e-02
-2.635740836844225471e-02
3.274979478609578443e-02
1.225827288380149788e-01
2.429373140532259945e-01
3.936297199183102502e-01
5.745021127610766554e-01
7.854285035949315485e-01
1.026320391501170270e+00
1.297131865870727596e+00
1.597863825255991355e+00
-5.152349038788745644e-02
-2.561311351944166662e-02
2.840097537180001977e-02
1.103278609775139446e-01
2.199857720872551714e-01
3.572064015864070963e-01
5.218396869677059957e-01
7.137588730943565940e-01
9.328656247500571874e-01
1.179094913702256608e+00
1.452419380511034586e+00
-4.198447996878261479e-02
-1.957114699437382047e-02
2.855017085585586506e-02
1.022361313034619856e-01
2.013476995022467353e-01
3.257530758829331186e-01
4.753310618708542212e-01
6.499747629029393181e-01
8.495954834705590208e-01
1.074126628560308827e+00
1.323527395194256107e+00
-2.504832603682519490e-02
-7.547239343803070072e-03
3.366577606598272765e-02
9.851206915994861757e-02
1.869140849102719493e-01
2.987967854770244847e-01
4.340893510170985570e-01
5.927271232362636422e-01
7.746537295405929724e-01
9.798233006125351974e-01
1.208202672193653182e+00
-5.551115123125782702e-17
1.103638323514321597e-02
4.414553294057303040e-02
9.932744911628936524e-02
1.765821317622922881e-01
2.759095808785816950e-01
3.973097964651576275e-01
5.407827785220200578e-01
7.063285270491692636e-01
8.939470420466049116e-01
1.103638323514327002e+00
