0.000000000000000000e+00
1.000000000000000238e-03
8.000000000000001901e-03
2.699999999999999623e-02
6.400000000000001521e-02
1.250000000000000000e-01
2.159999999999999698e-01
3.429999999999999161e-01
5.120000000000001217e-01
7.290000000000000924e-01
1.000000000000000000e+00
9.048374180359596008e-02
9.138857922163191871e-02
9.772244114788364300e-02
1.149143520905668570e-01
1.483933365578973818e-01
2.035884190580908859e-01
2.859286240993631489e-01
4.008429761899300336e-01
5.537604998380073473e-01
7.501102195518104532e-01
9.953211598395556026e-01
1.637461506155963864e-01
1.645648813686743650e-01
1.702959966402202430e-01
1.858518809487018919e-01
2.161449188125872112e-01
2.660874947503441001e-01
3.405919932804404304e-01
4.445707989213440459e-01
5.829362961915232066e-01
7.606008696094451738e-01
9.824769036935780964e-01
2.222454662045153517e-01
2.229862844251970788e-01
2.281720119699691129e-01
2.422475581629217056e-01
2.696578323281452749e-01
3.148477437897300724e-01
3.822622018717664605e-01
4.763461158983445243e-01
6.015443951935549594e-01
7.623019490814878507e-01
9.630636868862332278e-01
2.681280184142557643e-01
2.687983384602913861e-01
2.734905787825408496e-01
2.862266596572179966e-01
3.110285013605366689e-01
3.519180241687106525e-01
4.129171483579538449e-01
4.980477942044799211e-01
6.113318819845031671e-01
7.567913319742367584e-01
9.384480644498950364e-01
3.032653298563167121e-01
3.038718605160293240e-01
3.081175751340177738e-01
3.196416576685578437e-01
3.420832920779252606e-01
3.790816623203958624e-01
4.342759523542454869e-01
5.113053461377499165e-01
6.138090276291849889e-01
7.454261807868265421e-01
9.097959895689501364e-01
3.292869816564159002e-01
3.298357932925098934e-01
3.336774747451681233e-01
3.441048958309546046e-01
3.644109263664336296e-01
3.978884361681692128e-01
4.478302950527255910e-01
5.175293728366668899e-01
6.102785393365575128e-01
7.293706643689613633e-01
8.780986177504424006e-01
3.476097126539866577e-01
3.481062979577780325e-01
3.515823950843179335e-01
3.610175158563547204e-01
3.793911720966368639e-01
4.096828756279128347e-01
4.548721382729311036e-01
5.179384718544400856e-01
6.018613881951884181e-01
7.096203991179241832e-01
8.441950164453961847e-01
3.594631712937772505e-01
3.599125002578945076e-01
3.630578030067150297e-01
3.715950533249422483e-01
3.882202249972794839e-01
4.156292918084299459e-01
4.565182275430971215e-01
5.135830059859842756e-01
5.895196009217947841e-01
6.870239861352318567e-01
8.087921354109988137e-01
3.659126937665392321e-01
3.663192634262797953e-01
3.691652510444640156e-01
3.768900745795353835e-01
3.919331519899375560e-01
4.167339012341140236e-01
4.537317402705086655e-01
5.053660870575646946e-01
5.740763595537260455e-01
6.623019757174359867e-01
7.724823535071382308e-01
3.678794411714423340e-01
3.682473206126137266e-01
3.708224767008138634e-01
3.778121860830712664e-01
3.914237254064146798e-01
4.138643713178726258e-01
4.473414004644738484e-01
4.940620894932470364e-01
5.562337150512207673e-01
6.360635537854237853e-01
7.357588823428846680e-01
