0.000000000000000000e+00
0.000000000000000000e+00
0.000000000000000000e+00
0.000000000000000000e+00
0.000000000000000000e+00
0.000000000000000000e+00
0.000000000000000000e+00
0.000000000000000000e+00
0.000000000000000000e+00
0.000000000000000000e+00
0.000000000000000000e+00
-1.387778780781445676e-17
-6.445748486974406388e-04
-5.358392984021048688e-04
1.138611061108490974e-04
1.077670393179436248e-03
2.118063840600203918e-03
2.991289388204476651e-03
3.452269097213134241e-03
3.259776969961936111e-03
2.181678116833674075e-03
0.000000000000000000e+00
0.000000000000000000e+00
-1.483894221044973483e-03
-1.560656623494027784e-03
-6.000791278482908719e-04
1.000327814349194488e-03
2.821270011438836711e-03
4.428765527722755557e-03
5.382221190579183911e-03
5.243220818988092446e-03
3.584683273356703559e-03
0.000000000000000000e+00
0.000000000000000000e+00
-2.379097856543277434e-03
-2.831294459370664596e-03
-1.830431484286659805e-03
1.114096297435973604e-04
2.450498766105146942e-03
4.619637264538734023e-03
6.037780916266999309e-03
6.120838685679141911e-03
4.293268176283282500e-03
0.000000000000000000e+00
-5.551115123125782702e-17
-3.195406631543273868e-03
-4.107198938757883333e-03
-3.262577908478503375e-03
-1.233840026470256479e-03
1.367798538990605550e-03
3.900203298514703931e-03
5.700082028559039227e-03
6.094302281455465931e-03
4.412426193349028303e-03
-2.220446049250313081e-16
0.000000000000000000e+00
-3.805006477545003207e-03
-5.156383673750264407e-03
-4.587528307950783368e-03
-2.679546706529534195e-03
-5.618561970976987396e-05
2.623087812688218445e-03
4.671884406292958758e-03
5.387465288808401809e-03
4.062839932491013606e-03
0.000000000000000000e+00
0.000000000000000000e+00
-4.089297923602575047e-03
-5.760276524739538218e-03
-5.509374622245877262e-03
-3.878909286942677781e-03
-1.453442827597961617e-03
1.145528825220842872e-03
3.266673614101489598e-03
4.237702725852443564e-03
3.375896317083126874e-03
0.000000000000000000e+00
0.000000000000000000e+00
-3.940531332818630883e-03
-5.717443274291467148e-03
-5.751273669834300328e-03
-4.502280630908850334e-03
-2.468257331857237613e-03
-1.809984958173749270e-04
1.798733697079835103e-03
2.887815926632897323e-03
2.488910294058177541e-03
0.000000000000000000e+00
0.000000000000000000e+00
-3.262871578960935270e-03
-4.846232167205755115e-03
-5.059963311901116700e-03
-4.243562348683171948e-03
-2.765159422219998220e-03
-1.019618329246407828e-03
5.744291160250103445e-04
1.578718246217802879e-03
1.540692140708954661e-03
0.000000000000000000e+00
0.000000000000000000e+00
-1.972953425001255923e-03
-2.986423768719270733e-03
-3.208880395421553899e-03
-2.824932971913329816e-03
-2.035116633432032529e-03
-1.055231343047413617e-03
-1.151373580664527552e-04
5.430728509772109192e-04
6.675758098747541780e-04
0.000000000000000000e+00
-5.551115123125782702e-17
-5.551115123125782702e-17
-5.551115123125782702e-17
-1.110223024625156540e-16
-1.110223024625156540e-16
-1.110223024625156540e-16
-5.551115123125782702e-17
-5.551115123125782702e-17
-1.110223024625156540e-16
-1.110223024625156540e-16
0.000000000000000000e+00
